-120,-90 --> -7.5,-90
-7.5,-90 --> -7.5,-60
-7.5,-60 --> 7.5,-60
7.5,-60 --> 12.5,-60
17.5,-60 --> 30,-60
30,-60 --> 30,-90
30,-90 --> 120,-90
120,-90 --> 120,-15
120,-15 --> 102.5,-15
97.5,-15 --> 97.5,75
97.5,75 --> 7.5,75
7.5,75 --> 2.5,75
-2.5,75 --> -7.5,75
-7.5,75 --> -97.5,75
-97.5,75 --> -97.5,90
-97.5,90 --> -135,90
-135,90 --> -135,-30
-135,-30 --> -112.5,-30
-120,-35 --> -120,-90
-97.5,-90 --> -97.5,-60
-75,-90 --> -75,-60
-52.5,-90 --> -52.5,-60
-30,-90 --> -30,-60
52.5,-90 --> 52.5,-60
75,-90 --> 75,-60
97.5,-90 --> 97.5,-60
-120,-60 --> -102.5,-60
-92.5,-60 --> -66.25,-60
-61.25,-60 --> -52.5,-60
-52.5,-60 --> -35,-60
-30,-60 --> -12.5,-60
30,-60 --> 38.75,-60
43.75,-60 --> 52.5,-60
52.5,-60 --> 70,-60
75,-60 --> 80,-60
85,-60 --> 97.5,-60
97.5,-60 --> 102.5,-60
107.5,-60 --> 120,-60
-97.5,-45 --> -7.5,-45
-7.5,-45 --> -7.5,-15
-7.5,-45 --> -7.5,-5
-97.5,-45 --> -97.5,30
-97.5,0 --> -7.5,0
-52.5,-45 --> -52.5,-5
-75,0 --> -75,30
-52.5,0 --> -52.5,30
-30,0 --> -30,30
-7.5,0 --> -7.5,30
-7.5,30 --> -25,30
-30,30 --> -47.5,30
-52.5,30 --> -70,30
-75,30 --> -92.5,30
7.5,0 --> 97.5,0
7.5,0 --> 7.5,30
30,0 --> 30,30
52.5,0 --> 52.5,35
52.5,30 --> 35,30
30,30 --> 12.5,30
97.5,0 --> 97.5,-30
92.5,-30 --> 75.5,-30
75.5,-30 --> 75.5,0
-97.5,45 --> -97.5,75
-75,45 --> -75,75
-52.5,45 --> -52.5,75
-30,45 --> -30,75
-7.5,45 --> -7.5,75
7.5,45 --> 7.5,75
30,45 --> 30,75
52.5,40 --> 52.5,75
52.5,45 --> 35,45
30,45 --> 12.5,45
-7.5,45 --> -25,45
-30,45 --> -47.5,45
-52.5,45 --> -70,45
-75,45 --> -92.5,45
-135,0 --> -112.5,0
-135,30 --> -112.5,30
-135,60 --> -112.5,60
-112.5,90 --> -112.5,80
-112.5,75 --> -112.5,60
-112.5,60 --> -112.5,50
-112.5,45 --> -112.5,30
-112.5,30 --> -112.5,20
-112.5,15 --> -112.5,0
-112.5,0 --> -112.5,-25
